Kernel: graphlet, Classifier: SVM
y_test   y_pred  
==============================
0        1       
0        1       
1        1       
1        1       
1        1       
1        1       
0        1       
1        1       
1        1       
1        1       
0        1       
1        1       
0        1       
0        1       
1        1       
1        1       
1        1       
1        1       
1        1       
1        1       

==================================================
Kernel: graphlet, Classifier: RandomForest
y_test   y_pred  
==============================
0        0       
0        0       
1        1       
1        0       
1        1       
1        0       
0        1       
1        1       
1        1       
1        1       
0        1       
1        1       
0        1       
0        1       
1        1       
1        0       
1        1       
1        1       
1        1       
1        1       

==================================================
Kernel: wl, Classifier: SVM
y_test   y_pred  
==============================
0        1       
0        1       
1        1       
1        1       
1        1       
1        1       
0        1       
1        1       
1        1       
1        1       
0        1       
1        1       
0        1       
0        1       
1        1       
1        1       
1        1       
1        1       
1        1       
1        1       

==================================================
Kernel: wl, Classifier: RandomForest
y_test   y_pred  
==============================
0        0       
0        0       
1        1       
1        1       
1        1       
1        1       
0        0       
1        1       
1        0       
1        1       
0        0       
1        1       
0        0       
0        0       
1        1       
1        0       
1        0       
1        0       
1        1       
1        0       

==================================================
Kernel: wlop, Classifier: SVM
y_test   y_pred  
==============================
0        1       
0        1       
1        1       
1        1       
1        1       
1        1       
0        1       
1        1       
1        1       
1        1       
0        1       
1        1       
0        1       
0        1       
1        1       
1        1       
1        1       
1        1       
1        1       
1        1       

==================================================
Kernel: wlop, Classifier: RandomForest
y_test   y_pred  
==============================
0        0       
0        0       
1        1       
1        1       
1        1       
1        1       
0        1       
1        1       
1        0       
1        1       
0        0       
1        1       
0        0       
0        0       
1        1       
1        0       
1        0       
1        0       
1        1       
1        0       

==================================================
Kernel: SubgraphMatching, Classifier: SVM
y_test   y_pred  
==============================
0        1       
0        1       
1        1       
1        1       
1        1       
1        1       
0        1       
1        1       
1        1       
1        1       
0        1       
1        1       
0        1       
0        1       
1        1       
1        1       
1        1       
1        1       
1        1       
1        1       

==================================================
Kernel: SubgraphMatching, Classifier: RandomForest
y_test   y_pred  
==============================
0        0       
0        0       
1        1       
1        1       
1        1       
1        1       
0        0       
1        1       
1        0       
1        1       
0        0       
1        1       
0        0       
0        0       
1        1       
1        0       
1        0       
1        0       
1        1       
1        0       

==================================================
Kernel: NeighborhoodSubgraphPairwiseDistance, Classifier: SVM
y_test   y_pred  
==============================
0        1       
0        1       
1        1       
1        1       
1        1       
1        1       
0        1       
1        1       
1        1       
1        1       
0        1       
1        1       
0        1       
0        1       
1        1       
1        1       
1        1       
1        1       
1        1       
1        1       

==================================================
Kernel: NeighborhoodSubgraphPairwiseDistance, Classifier: RandomForest
y_test   y_pred  
==============================
0        0       
0        0       
1        1       
1        1       
1        1       
1        1       
0        1       
1        1       
1        0       
1        1       
0        0       
1        1       
0        0       
0        0       
1        1       
1        0       
1        0       
1        0       
1        1       
1        0       

==================================================
